0.000000 0.118715 0.763835 0.300847
0.067114 0.000728 0.852891 0.336974
0.134228 0.453362 0.865876 0.254444
0.201342 0.152527 0.830728 -0.283094
0.268456 0.414623 0.828126 0.210103
0.335570 0.101712 0.751325 0.088993
0.402685 0.155094 0.800121 0.366441
0.469799 0.488871 0.855520 0.011397
0.536913 0.428608 0.879478 -0.235501
0.604027 0.399895 0.868578 0.342271
0.671141 0.149556 0.824975 0.730376
0.738255 0.070018 0.881059 -0.208563
0.805369 0.382756 0.786701 -0.060709
0.872483 0.264423 0.883849 0.726579
0.939597 0.478987 0.855019 0.254329
1.006711 0.395962 0.888383 0.669495
1.073826 0.291602 0.756588 0.511944
1.140940 0.260010 0.840237 0.347403
1.208054 0.123830 0.781611 0.185093
1.275168 0.153094 0.928746 0.670467
1.342282 0.396267 0.872726 0.364047
1.409396 0.280630 0.812424 0.405763
1.476510 0.094745 0.802514 -0.242783
1.543624 0.442588 0.717021 0.617133
1.610738 0.352634 0.815560 0.143138
1.677852 0.135980 0.959363 -0.030616
1.744966 0.347514 0.783285 0.506218
1.812081 0.025871 0.915993 0.063212
1.879195 0.224377 0.793185 -0.039043
1.946309 0.076728 0.862069 -0.304106
2.013423 0.344899 0.853958 -0.256474
2.080537 0.445633 0.898964 0.203328
2.147651 0.105986 0.861999 -0.251327
2.214765 0.382207 0.852744 0.750459
2.281879 0.280660 0.817870 -0.133691
2.348993 0.199333 0.888845 0.461099
2.416107 0.233045 0.840517 -0.321323
2.483221 0.389529 0.899734 0.017774
2.550336 0.118550 0.835128 0.106235
2.617450 0.024266 0.814758 0.034890
2.684564 0.080013 0.807376 0.060025
2.751678 0.282637 0.832354 -0.204590
2.818792 0.222641 0.809906 -0.335273
2.885906 0.386813 0.847864 0.381501
2.953020 0.191557 0.871919 0.129391
3.020134 0.310168 0.832168 0.511880
3.087248 0.358985 0.842443 0.310115
3.154362 0.147320 0.919330 0.119350
3.221477 0.359493 0.879779 0.239315
3.288591 0.226328 0.865646 -0.189827
3.355705 0.047311 0.862257 0.425802
3.422819 0.033910 0.833280 0.694582
3.489933 0.235322 0.886332 -0.011503
3.557047 0.222896 0.737707 0.362160
3.624161 0.490818 0.891889 0.052973
3.691275 0.029743 0.898311 0.696940
3.758389 0.482005 0.789989 0.037527
3.825503 0.377078 0.759873 0.001266
3.892617 0.084681 0.777988 0.409647
3.959732 0.151456 0.867823 0.221254
4.026846 0.261131 0.861164 0.269463
4.093960 0.453800 0.865268 -0.396567
4.161074 0.080556 0.767077 0.289994
4.228188 0.233472 0.773260 -0.474768
4.295302 0.052072 0.896382 -0.128755
4.362416 0.071602 0.815156 0.019132
4.429530 0.129359 0.722323 -0.527951
4.496644 0.005844 0.823830 0.532179
4.563758 0.136469 0.922392 -0.023941
4.630872 0.481820 0.846264 -0.046278
4.697987 0.199314 0.823616 0.414551
4.765101 0.008601 0.869929 0.117673
4.832215 0.317486 0.911164 0.003338
4.899329 0.358212 0.887682 -0.013692
4.966443 0.116458 0.874223 0.233848
5.033557 0.411566 0.867211 0.009327
5.100671 0.194657 0.802762 0.109543
5.167785 0.405319 0.862498 0.087451
5.234899 0.412670 0.919518 0.313051
5.302013 0.364684 0.818445 0.160753
5.369128 0.144721 0.889020 0.190270
5.436242 0.413798 0.806684 0.292864
5.503356 0.446921 0.843996 -0.178559
5.570470 0.368768 0.822445 -0.129226
5.637584 0.108536 0.714577 0.256672
5.704698 0.005274 0.861934 -0.092613
5.771812 0.090931 0.724410 0.231415
5.838926 0.331176 0.854658 0.219413
5.906040 0.139006 0.848595 0.477053
5.973154 0.328536 0.732343 0.046338
6.040268 0.135472 0.794839 0.146684
6.107383 0.385213 0.804078 0.211470
6.174497 0.088443 0.756712 0.720540
6.241611 0.439557 0.852937 0.106934
6.308725 0.318883 0.774588 0.447659
6.375839 0.366897 0.865108 0.468674
6.442953 0.394578 0.864005 -0.078242
6.510067 0.446758 0.801444 -0.186785
6.577181 0.349847 0.781237 -0.006263
6.644295 0.463087 0.839401 1.029336
6.711409 0.159040 0.804009 0.194817
6.778523 0.410255 0.861867 -0.131813
6.845638 0.499639 0.807866 0.391010
6.912752 0.451132 0.842120 0.030464
6.979866 0.164074 0.764993 0.108536
7.046980 0.002540 0.877152 0.672862
7.114094 0.405258 0.889690 -0.691502
7.181208 0.091486 0.800321 0.331848
7.248322 0.359458 0.876153 0.365561
7.315436 0.086642 0.848517 -0.029745
7.382550 0.267542 0.888896 0.825045
7.449664 0.364228 0.840879 0.245196
7.516779 0.176086 0.754432 -0.155583
7.583893 0.458665 0.851529 0.131028
7.651007 0.052482 0.777761 0.313371
7.718121 0.203483 0.860648 0.290024
7.785235 0.169528 0.752790 0.279045
7.852349 0.150314 0.795901 0.439904
7.919463 0.197191 0.878859 0.149788
7.986577 0.280401 0.825452 0.826730
8.053691 0.368779 0.932329 0.108344
8.120805 0.069132 0.838573 0.722764
8.187919 0.019327 0.887235 0.195281
8.255034 0.328003 0.867308 -0.083742
8.322148 0.416780 0.825645 -0.133489
8.389262 0.107851 0.804209 0.326883
8.456376 0.427766 0.822242 1.009346
8.523490 0.274045 0.857915 -0.331093
8.590604 0.338596 0.843639 0.881878
8.657718 0.442518 0.696613 0.106752
8.724832 0.162800 0.894957 0.032918
8.791946 0.180853 0.745329 0.501826
8.859060 0.390080 0.758078 -0.217965
8.926174 0.151838 0.868099 0.057749
8.993289 0.014959 0.790660 0.299465
9.060403 0.025305 0.838926 0.071126
9.127517 0.080616 0.770114 0.224355
9.194631 0.302881 0.798314 0.197311
9.261745 0.065515 0.843748 0.365118
9.328859 0.182646 0.893320 0.538276
9.395973 0.076909 0.739652 0.788098
9.463087 0.309912 0.827375 0.572640
9.530201 0.371347 0.883812 0.228904
9.597315 0.468352 0.879225 0.169368
9.664430 0.048359 0.827185 0.536762
9.731544 0.275927 0.910303 0.317080
9.798658 0.345439 0.828293 0.829561
9.865772 0.318969 0.864790 0.077157
9.932886 0.234881 0.731728 0.077376
10.000000 0.043587 0.870846 0.392564
